851968
1433607
1581068
40987
1032220
73756
98338
1138723
1564708
925741
942126
704562
98362
1400891
1433660
65596
1376321
1278021
1278027
835662
1040470
1261654
933974
1130598
1163370
1597553
1048695
1163389
1065088
1212545
1056903
1097864
884887
1466538
1474735
1622194
1417398
737468
1368265
811212
1327318
65759
1466593
1564902
811240
33002
65770
1065201
1556727
1319161
860413
1196298
1507605
1589526
1179929
1089819
844059
1138978
1057060
1368365
1524025
1253689
1270073
1057083
1319229
868671
1065280
1679688
1048911
1089872
1360214
16732
1409375
1016178
1089907
901491
98677
57725
1171838
1352081
1597846
909724
1671584
1098146
1401257
868780
1638833
1442236
33213
1417663
49600
65984
1368514
1597892
1384905
1327567
1016281
1090009
1163739
1090012
721371
737758
827871
868857
811532
1606163
1262104
1376793
885275
82473
352825
885307
74303
1499717
811589
1057352
1040971
1540684
795212
819793
737875
1172052
1630805
1122904
205402
49754
893538
1180262
1000045
1213037
1507957
926326
320121
811641
1606268
1041024
107140
1311370
1573516
25232
352915
934549
8858
877212
1122976
8868
1360565
1082038
1368757
1016504
320187
1442492
320193
1327811
1385157
1434316
713425
1106644
934612
885462
926423
1376986
1360604
1606366
746210
8947
41719
1524472
893691
33533
1172222
107263
885508
795403
1032975
90896
1303313
1393434
1024795
1549084
721693
910108
811808
99106
852772
1000230
1114925
1131312
787250
787253
885568
803649
1401667
1237831
66382
320335
320340
885590
1090396
1377121
25445
1401708
1065837
1114995
1090425
82811
1557376
729986
1172358
1418135
705432
893847
926617
1434524
353184
1581990
1057706
1409970
910267
312257
1008586
1082324
1434588
1598428
885725
99302
812011
1467373
1115128
58361
910329
1434621
1541119
1459200
1360901
1049606
1524741
918541
746515
1508381
1532961
1131554
1295401
1606698
812074
1287213
1631282
1500217
1426506
1156174
836690
1057877
1606745
1590364
820318
1606757
1434728
9326
1533040
918646
754811
58492
894081
25743
730255
1590418
1172631
1393818
1123494
1090727
1000623
66740
1049782
1598646
910521
1082554
1524931
66756
1008848
1459417
885978
1393883
1098972
1262823
1230058
1000683
1000694
1606909
910606
1500435
779544
927003
1156388
25895
50471
1058090
1254699
83246
91440
1000753
1090872
755001
107833
1566011
1410384
1631569
1475922
1631574
1385818
927066
1377630
1467761
1615219
1385849
1410428
1262976
1303942
722313
1041803
886158
837010
886163
1099160
1230245
1435049
771497
17843
918965
1164727
1435064
1590714
1041859
1328581
894405
75208
1492426
1476045
1099219
1402328
1582554
1107421
1517022
1590750
1369568
919012
34285
75252
1140215
1451512
1123852
1320461
1623590
26172
1164863
1353283
1402436
1418819
714310
935494
1132105
886346
1295947
706129
730708
42582
1336920
1590877
1549922
75362
1345126
1066605
1590895
1517175
1001082
902791
1017480
1574540
1074828
1549966
1394319
1599117
722572
763532
861842
1328792
714395
894627
763563
1533615
1337013
42682
861884
1492674
894671
1001171
1173204
26324
1750
1279704
1304280
812796
34563
1263364
1800
1050377
821002
1066764
771856
1001233
67347
1484565
108312
100122
1173281
1001250
821026
1386278
829224
911147
1124140
1017655
1320760
1386301
714562
1034054
1099590
1050441
1640266
1050446
18255
1083220
1443669
1304421
911216
1435508
796534
59255
1410939
1591165
1107843
731012
1582982
42888
829323
354190
1566610
1320854
1501078
75677
1083301
927653
1001385
1066923
1173420
18349
1640384
1025996
1402829
1394638
714712
92122
108516
1116132
1533924
1050606
1173489
1058811
845819
763901
1607678
1583107
1525769
10254
747540
1271833
1533998
59440
886835
1280058
1296445
18498
1386570
1091667
1362004
59478
34903
10329
739421
1460329
1566826
1427570
1616000
1083522
788611
67716
764038
1411207
878726
2186
706698
100493
1001614
1108109
1493137
1378453
895126
731288
26780
1091748
100517
1009829
1026214
59558
723125
944314
43196
1050825
1534154
1485003
1288403
1509589
1075415
10456
837852
821483
878828
1108205
100591
723188
1124610
1280263
1411342
313616
1485074
1288469
1607962
1067294
1378590
1157408
1050915
1591588
764195
1042729
1091883
1116463
706863
1018164
772406
928054
715072
1091907
788816
1042776
1419612
1214816
944480
1476963
1526119
1001838
1141103
100726
1460602
1501570
1616262
1477009
1501585
1591698
936340
1010086
1034670
1001907
2488
108985
788920
895419
51644
1616318
1329606
1108426
862668
1141197
887247
1427925
1436126
895456
1157601
862692
76267
18926
764401
1296884
1141240
1075706
1313275
1411579
76282
1133062
1157647
1419793
936468
1632790
1075736
789019
1444380
854560
1600033
1362468
1403431
1534504
1108524
76334
887343
920112
944695
1043000
1501756
764478
1002047
887359
879169
313927
1124941
1305168
1403475
1354327
1034842
1026655
1411685
1509991
944745
1100397
862831
1157762
1378950
1403528
846475
109198
1141391
1084048
1288847
723603
1288855
731802
1583771
1305253
944809
1378992
1166003
1379006
723646
1592000
813762
1493712
1592016
1534675
1624794
912093
1428205
1534708
854775
1526520
1133311
1493761
1673985
813828
1239819
84748
1116942
846617
1567514
27419
1501989
1010470
1657642
805676
879407
1551152
920371
1452857
707388
1067837
1370946
1411906
1616707
1477449
1043277
1051470
1551182
1035092
764764
1018724
1321834
1084267
920427
1575793
1051514
732026
1395585
863110
1575828
1510295
2969
68505
1133470
740260
1600422
1575858
1469367
1141688
920522
1067983
1092570
1125345
1108967
1051627
1117171
1674227
1657853
1125376
1469443
1412100
1272842
715787
1625101
68622
1641489
879635
1289237
707605
27673
748592
1092662
830524
789570
1576018
1018963
1502292
1035354
1666138
1002590
887905
822370
1018979
60519
1117297
1354866
1600626
1068148
887921
1518715
1109116
1289340
3197
19584
1641614
822416
1043604
1371285
1567892
1019034
896159
216228
1641640
1674416
1035443
1158324
715957
1092796
36029
830656
1289419
863436
912593
101594
838875
912603
1330399
1395937
93410
1395942
716006
1420520
912615
929008
945394
1289460
60667
27904
1576197
896262
36104
896264
1346830
1289490
1158420
19745
1117480
1396009
1133869
1158449
36146
1314102
740664
1559865
1371451
1158463
1174850
1649989
1576263
1486159
1355096
1617242
27996
1371489
716133
77159
1609065
912752
93556
1404281
1338749
3453
912767
806279
822663
1174922
19871
1445283
3499
789933
36270
839087
1420720
1437107
1478069
1650101
314808
1445305
1559998
1084869
1224133
1322439
1109448
740806
814549
3545
77281
1265131
1576427
880117
814585
814586
921082
1420800
1297937
1601046
831001
716314
921114
85535
1084961
822818
790051
1609253
732717
1510964
1494582
1412665
1084991
929351
1297996
61004
798287
1166928
814676
52827
921183
101984
1273441
945764
1347178
855658
896622
1551986
880242
1101433
1633917
1552000
855683
880266
1633931
1232524
1142417
102037
863894
798359
1552033
732834
945828
1437352
888491
1527469
945841
1633978
806592
749251
356037
1232582
1658566
1035976
1593034
1035983
773840
200406
1281761
1404644
1617640
896747
20212
1527541
1502966
315131
28412
1027838
1560327
12040
1036044
1429260
1019671
831259
1388320
880417
1273636
69422
1011509
716605
945983
1560385
896841
356171
315213
1273685
1462103
790359
913241
1126234
716643
1281895
1462120
1494891
896878
69488
1372020
1363829
1494904
1159036
1060736
1593222
1437578
1642380
1675149
1044378
315293
1224608
1511337
12208
1093557
1126328
1535929
765880
1019849
85961
1085392
1535955
45012
356309
1060822
61398
921557
1036262
1650664
315374
1609711
1404912
880631
790526
69633
880641
1601548
864270
4127
1544227
1093672
20520
897077
1429560
1093691
1167419
831547
1355839
1355848
749647
1052752
733269
1626199
1560672
1069157
69733
1486957
1552493
1388658
1069183
1175680
1519751
741516
872589
1069202
700564
1421461
700565
1061027
880807
708781
1282224
78003
1077428
1495231
1593538
1495240
1061069
1306830
1421517
1118417
1339605
798949
1290476
1585389
1298675
1200375
1331451
1069308
217346
1331463
1331465
1446159
1397016
1495320
1364250
1102112
790816
86312
78128
1012019
1397047
1511737
1356090
1356093
1331520
1528129
102729
29002
1126741
880984
1487197
102752
913760
1372514
946563
1012100
1520006
946581
1094038
1552800
1569187
897448
1085869
750004
1290677
1438133
1077688
1315257
930236
799167
1094084
1372612
815556
1585608
1389002
1323468
315852
872912
315858
946644
946647
823768
1085913
1069530
1069533
1577445
864749
946673
889331
1389050
700923
1192448
70145
799233
889348
1610250
1077771
1438231
1585689
61986
1528356
1331754
1126956
1331757
315958
1405495
799288
1503802
799292
1126975
1282631
1315399
1528396
1110607
1135185
21076
832101
1651308
1389170
930420
1520262
1094285
1020569
1331875
70318
1634997
1553079
21175
1053369
1299130
897723
1209028
1577670
1413837
1168081
1217234
1438423
1340122
914139
742112
1659617
103145
914156
1618673
922358
1012477
1626878
1504008
889609
1413898
1086222
1176334
807707
1356576
1471265
914208
1020710
4904
840489
815917
45876
357173
1069878
1463101
1422143
1053507
1618755
1438533
1618756
766792
1069899
1381197
873303
1626971
316253
29534
45919
70502
701288
1651561
1323885
766829
4977
1053584
1004434
1618835
717720
922521
37785
78749
1282977
1504167
857005
37808
906163
1610682
1020859
1307579
701374
1078207
1446847
1045450
1127371
807882
103379
758743
930775
1364954
783324
78814
832480
1389545
1618921
775158
1053691
1553404
1078271
46080
1070081
1053706
87050
21535
78890
889900
1520697
1168455
1037390
1561680
1627223
1061983
1528930
1602658
1307748
906345
799850
889971
1266806
898171
717954
1275014
1086600
1447051
1397911
1381531
21665
103595
1004724
1676479
1430723
1610950
931015
1569994
54480
890066
1070296
1275101
1512673
1021162
1471727
931059
849145
1299709
1488139
1127703
1529113
947484
1676580
29989
1668397
1045810
1275187
906553
1512762
914748
1635650
202058
1070412
1652044
1037646
95574
1070423
1193311
791908
947559
1176948
38264
873860
898437
5513
1521036
1054102
1144215
1537435
791963
1095073
1652130
808362
767405
882095
1045942
1070524
1447380
906709
1512927
800240
1013237
1439222
849399
1299969
923139
882184
1046025
1373715
62996
1013272
890394
46619
874015
1529377
1046050
1267238
1422892
1005101
1308208
833079
1185348
718413
890447
1046102
1472091
1496671
30305
1463913
1283699
1021561
816761
1201792
1635984
1005210
1070750
1111711
1463972
1136294
1005229
46765
1021635
890564
1144519
726728
1406666
95953
1013462
1595097
1005276
1136352
1005286
1578732
1013488
1046257
1447669
939767
1038074
874238
857855
931584
751365
1611547
55067
79661
1341235
1038133
816956
1087294
63296
726854
784199
882508
22356
1382230
1128281
5981
1562463
55135
14177
63330
1267565
1423221
1644406
1111928
38777
1636222
1398659
1070985
1095565
1390478
1267602
874396
915358
1628063
1128353
30625
833444
1062822
1128361
1636282
1308606
14272
88000
1038277
1013706
55242
849869
1087456
825313
866273
1095651
1316835
899051
825324
1341439
874499
874501
1529864
71691
1431567
96271
1038357
1398805
1464343
1488917
1333274
718877
6176
1300514
1046568
1669162
1177648
6201
88121
1456189
866374
1316944
718937
1013857
317540
1267813
1177702
1464423
833640
39020
1013871
1013880
1218683
1022079
891014
88205
1357971
1144980
71829
882835
1071255
923796
1169561
784539
1005731
80035
1636519
727207
1382574
1054905
1005757
825542
1398987
1611983
874710
1538263
874716
850141
891103
1292519
1505512
1579241
276720
1333493
1005817
1136893
1300734
1677576
63754
1472787
1669400
96536
1276187
891166
1521951
719135
1513761
809248
850209
842023
1349929
80172
1095981
727346
1571123
915779
1030469
1341766
1374535
743758
1603923
1210708
1513818
317788
1014111
39263
14693
858470
751978
1145197
1161582
1022321
874866
14707
1309057
792966
1530249
866706
1431959
768408
883107
1145255
866729
1554859
842162
1309108
1038773
1055160
104889
1251769
1505732
842183
1022408
915912
915913
1006028
1046995
1571283
1350102
1464790
1006045
1374690
72162
948708
55785
1620459
1448431
1489393
850429
14846
1161728
31235
924168
1235468
72205
866829
1358356
1587732
1391127
834071
891417
850460
1423902
1391135
858655
1088034
875045
883237
719402
1497645
1522222
899629
1325618
105016
801337
817720
1333822
1169987
1358403
1595974
1677897
784977
1047127
891482
1604191
96869
1325670
1276520
899689
916076
1063537
1104506
1071739
1555074
1456772
350852
1325702
719494
72331
1178253
1120914
1669779
1096343
23197
776867
1579684
899751
1497770
350894
96943
23217
760498
1669811
1129155
1006281
1120970
1284812
1080014
711377
1039065
924383
1399520
1653477
31462
1227500
711404
56047
1301236
1325814
744187
72444
858877
1317630
1104657
842518
744218
1538849
1047335
1465128
6951
826154
1588014
1325878
875320
1555280
1366868
1637207
1530721
318306
1481582
1604464
818033
883569
88948
719733
768899
1325964
916365
1530766
310158
1383312
940942
1653653
1416090
1358762
1522602
932781
1538990
1039280
97210
1448893
859070
97216
105418
1506251
1162194
1014739
1539029
908259
1375205
39911
900075
1055726
711669
1350653
15357
1080319
752642
1506307
744452
277509
1219601
908311
908315
1326110
1039399
1522727
1367083
924717
1178670
1096752
1317945
1113148
1326141
875582
916540
1481792
1530950
752714
1408075
1326160
310354
1637459
719955
1408100
1571949
1326190
1596532
1326200
81018
1137789
1465470
1145986
1604738
720005
277638
793733
875657
1113232
785557
924822
1023128
810136
105634
7332
1604778
1506492
883902
1547459
97476
1408198
1121484
72909
318673
1604821
1137883
1383650
1621227
883948
1006830
23795
1006837
1514743
310522
1072379
843006
15615
1604868
883975
883984
1563922
40211
1383701
1547546
1269026
818479
1236275
826675
916789
1047862
728387
1039684
728391
1318220
1080657
351569
48465
867665
89439
793952
712034
56679
851310
7536
769397
56701
73088
1465740
1211805
73124
1121702
1007019
916907
1285550
884144
1097149
1260990
867773
1621443
835011
7623
1580490
1424844
81362
1039828
728535
1023459
64996
15847
310764
1572334
818677
1637880
1416697
1293818
1121788
867840
1302028
1449488
1408534
1056285
1015328
1056288
1596961
56868
1089063
56873
351789
884269
1375793
1474098
1621563
794172
1596993
351817
1498710
1015383
859737
351834
1367644
40545
949858
1597033
1433195
1646188
1662574
1506928
720500
1580670
1547903
892553
908937
1326732
1162896
1293971
1515156
278165
1285785
753308
1130144
1384101
1318568
1007273
16040
827052
1310383
802481
1605301
1433270
16058
1285819
1334978
1302215
89800
1679049
1048268
1498828
1171155
1556179
1195734
1662684
319201
1466085
1588972
868082
1023731
1392380
835324
1539838
794367
40704
1040130
48898
917251
1482512
1064728
917273
65312
1040161
1556263
1482541
909108
1425205
311094
876343
1449794
1597264
712534
925528
712537
32604
933738
32621
8063
884614
876427
1425292
1638287
884624
1466258
1286043
1048477
1163165
1589149
1630113
778164
868278
1056696
1015739
1564618
1138639
8146
1335258
1490906
720858
917470
1359841
24545
1007587
1081316
319458
1376231
1605607
884713
1400810
917491
1023994
